  1   1   5   4   7   5   7   5   9   7   5   6   7   3   7   3   4   7   7   7   4   1   0
  1   1   5   4   7   5   7   5   9   7   5   6   7   3   7   3   4   7   7   7   4   1   0
  1   1   5   4   7   5   7   5   9   7   5   6   7   3   7   3   4   7   7   7   4   1   0
  1   1   5   4   8   7  10   8  10   7   9  10  10   3   2   5   7   5   5   4   1   0
  2   1   5   4   8   7  10   8  10   7   9  10  10   3   2   5   7   5   5   4   1   0
  2   1   5   4   8   7  10   8  10  10  11  11  10   3   2   4   7   5   5   4   1   0
  2   1   5   4   8   7  10   8  10  10  11  11  10   3   2   4   7   5   5   4   1   0
  1   1   5   4   8   7  10   8  10   7   9  10  10   3   2   5   7   5   5   4   0
  1   1   5   4   8   7  10   8  10   7   9  10  10   3   2   5   7   5   5   4   0
  1   1   5   3   6   4   3   2   1   3   5   5  10   4   3   2   1   0
  1   1   5   3   6   4   3   2   1   3   5   5  10   4   3   2   1   0
  1   1   5   3   6   4   3   2   1   3   5   5  10   4   3   2   1   0
  1   1   5   3   6   4   3   2   1   3   5   5  10   4   3   2   1   0
  1   1   5   4   7   6   9   6   7   4   5   6   8   3   1   1   2   0
  2   1   4   4  11   9   8  13  13  13  17  11   5   6   4   0
  2   1   4   4  11   9   8  13  13  14  17  11   5   6   4   0
  2   1   4   4  11   9   8  13  13  15  19  12   6   6   4   0
  2   1   4   4  11   9   8  13  13  15  19  12   6   6   4   0
  2   1   4   4  11   9   8  13  13  15  19  13   6   6   4   0
  2   1   4   4  11   9   8  13  13  15  19  13   6   6   4   0
  2   1   4   4  11   9   8  13  13  15  19  13   6   6   4   0
  2   1   4   4  11   9   8  13  13  15  20  13   6   6   4   0
  2   1   4   4  11  10   8  13  13  15  20  13   6   6   4   0
  2   1   4   4  11  10   8  13  13  15  20  15   6   6   4   0
  2   1   4   4  11  10   8  13  13  15  20  15   6   6   4   0
  2   1   4   4  11  10   8  13  13  15  20  15   6   6   4   0
  2   1   4   4  11  10   8  13  13  15  20  16   6   6   4   0
  2   1   4   4  11  10   8  13  14  16  21  15   6   6   3   0
  2   1   4   4  11  10   8  13  14  16  21  15   6   6   3   0
  2   1   4   4  11  10   8  13  15  18  23  15   5   5   3   0
  2   1   4   4  11  10   8  13  15  18  23  15   5   5   3   0
  2   1   4   4  11  10   8  13  15  18  23  15   5   5   3   0
  2   1   4   4  11  10   8  12  12  21  23  14   8   5   3   0
  2   1   4   4  11  10   8  12  12  21  23  14   8   6   3   0
  2   1   4   4  11  10   8  12  12  21  23  14   9   6   3   0
  2   1   4   4  10  10   8  13  17  18  22  15   6   6   4   0
  2   1   4   4  10  10   8  13  17  18  22  15   6   6   4   0
  2   1   4   4  10  10   8  13  18  18  22  15   6   6   4   0
  2   1   4   4  10  10   8  13  18  18  22  15   6   6   4   0
  1   0
  1   0
  1   0
  1   0
  1   0
  1   0
  1   0
  1   0
  1   0
  1   0
  1   0
  1   0
  1   0
  1   0
  1   0
  1   0
  1   0
  1   0
  1   0
  1   0
  1   0
  1   0
  1   0
  1   0
  1   0
  1   0
  1   0
  1   0
  1   0
  1   0
  1   0
  1   0
  1   0
  1   0
  1   0
  1   0
  1   0
  1   0
  1   0
  1   0
  1   0
  1   0
  1   0
  1   0
  1   0
  1   0
  1   0
  1   0
  1   0
  1   0
  1   0
  1   0
  1   0
  1   0
  1   0
  1   0
  1   0
  1   0
  1   0
  1   0
  1   0
  1   0
  1   0
  1   0
  1   0
  1   0
  1   0
  1   0
  1   0
  1   0
  1   0
  1   0
  1   0
  1   0
  1   0
  1   0
  1   0
  1   0
  1   0
  1   0
  1   0
  1   0
  1   0
  1   0
  1   0
  1   0
  1   0
  1   0
  1   0
  1   0
  1   0
  1   0
  1   0
  1   0
  1   0
  1   0
  1   0
  1   0
  1   0
  1   0
  1   0
  1   0
  1   0
  1   0
  1   0
  1   0
  1   0
  1   0
  1   0
  1   0
  1   0
